0.0 1.2407592290300835e-05
0.1 -2.204425397744868e-05
0.2 3.591759426574805e-05
0.30000000000000004 1.5909273337463333e-05
0.4 -3.7462823076493566e-05
0.5 3.7660747915158186e-05
0.6000000000000001 -1.0623610845280052e-05
0.7000000000000001 6.748378708478137e-05
0.8 0.00017168077845740418
0.9 0.00027659883508875544
1.0 0.0003486898535538509
1.1 0.0003910749620569155
1.2000000000000002 0.0004856771956622798
1.3 0.0006356426864821623
1.4000000000000001 0.0006790968393207342
1.5 0.0007787370657594503
1.6 0.0009166195914425716
1.7000000000000002 0.0010144380785550105
1.8 0.0011246266686877925
1.9000000000000001 0.001158932949927605
2.0 0.001248790922618369
2.1 0.0013624466675906278
2.2 0.0014559597260175835
2.3000000000000003 0.0015804742559180943
2.4000000000000004 0.0016693478327383551
2.5 0.0017771373261485398
2.6 0.001866955377953674
2.7 0.001983089183454735
2.8000000000000003 0.0021023830052775694
2.9000000000000004 0.002178152414118467
3.0 0.0022358226082002768
3.1 0.0023877870537540773
3.2 0.002469781378384964
3.3000000000000003 0.002581751170146844
3.4000000000000004 0.0026489028865690828
3.5 0.0027596216889423436
3.6 0.0028511237019496626
3.7 0.002989520238409151
3.8000000000000003 0.003056260292160838
3.9000000000000004 0.003180114810684481
4.0 0.0032650678139357417
4.1000000000000005 0.0033502152037102424
4.2 0.003423086441904197
4.3 0.0035295439107545707
4.4 0.0036105391695748583
4.5 0.003779055055442538
4.6000000000000005 0.00386437194038152
4.7 0.003974821809962455
4.800000000000001 0.004043727186964714
4.9 0.004134885766320318
