0.0 0.0
0.1 1.479436139873834e-10
0.2 2.0978970373796416e-09
0.30000000000000004 2.7782110273976885e-08
0.4 3.6319144747745243e-07
0.5 4.322706749239153e-06
0.6000000000000001 2.9651169416868563e-05
0.7000000000000001 8.763036232654211e-05
0.8 0.00016345563224780398
0.9 0.00024738575848973774
1.0 0.0003355637839064907
1.1 0.0004262844201887207
1.2000000000000002 0.000518677156984494
1.3 0.0006122457486383236
1.4000000000000001 0.0007066831034867156
1.5 0.0008017869730027587
1.6 0.0008974175377595788
1.7000000000000002 0.0009934743229405958
1.8 0.0010898828141397486
1.9000000000000001 0.0011865862857278016
2.0 0.0012835405928657236
2.1 0.0013807107300301297
2.2 0.0014780684855320017
2.3000000000000003 0.0015755907998094504
2.4000000000000004 0.0016732585893161063
2.5 0.0017710558865774437
2.6 0.001868969199944844
2.7 0.0019669870291680663
2.8000000000000003 0.0020650994935211392
2.9000000000000004 0.002163298042579269
3.0 0.002261575228598724
3.1 0.0023599245254372404
3.2 0.002458340183071736
3.3000000000000003 0.0025568171096533184
3.4000000000000004 0.0026553507750867495
3.5 0.0027539371315968625
3.6 0.0028525725478206
3.7 0.002951253753757318
3.8000000000000003 0.0030499777945036622
3.9000000000000004 0.003148741991145943
4.0 0.0032475439075235956
4.1000000000000005 0.003346381321838799
4.2 0.0034452522022898643
4.3 0.003544154686064
4.4 0.003643087061149611
4.5 0.0037420477505264718
4.6000000000000005 0.003841035298371061
4.7 0.003940048357976605
4.800000000000001 0.004039085681139072
4.9 0.004138146108800625
